ID	ZT3	ZT6	ZT9	ZT3	ZT21	ZT18	ZT24	ZT6	ZT0	ZT12	ZT15	ZT0	ZT9	ZT21	ZT21	ZT3	ZT12	ZT9	ZT6	ZT15	ZT9	ZT0	ZT15	ZT21	ZT15	ZT18	ZT3	ZT12	ZT24	ZT24	ZT18	ZT18	ZT12	ZT6	ZT0	ZT24
4_cyc	71.28850087120433	73.08393898757465	75.52580519088211	71.184525544128	70.19094024878467	77.92471469243831	71.56461577793065	77.12146929999625	68.84713700563974	74.01872089379407	71.63693500676479	71.44293155497158	70.13377128857915	72.35956743668068	69.55139157302412	74.87749855783053	72.77491748872337	68.78270756060313	72.12159057013677	75.3361084755841	73.85445124580836	73.10672353549445	76.46924100439327	70.18199817335699	72.95964431657626	74.87826693300916	74.05925935781327	70.25587167552806	70.20084505744062	72.5916188785937	75.95255498968604	74.66529548911534	70.0580077563037	71.02329518775886	72.0558836082044	70.2123656267451
0_cyc	24.457616300295765	22.575764150485004	16.84320383166575	23.89201959242602	27.118174424642586	28.737929818029432	29.661284951395746	18.091454010083215	29.176261220711726	19.895405848487417	23.253612911910306	28.149781888960018	19.92690890227966	29.917425563245867	31.49314585335809	23.89764899424006	20.882053479365812	21.299083870647568	22.126004778399352	19.577954696677825	14.782978912686726	27.67676669395477	20.505372887428965	33.60126379018409	24.911786817847823	28.103685738074628	27.54045829791816	18.8659739768749	27.34939915802379	27.179012422801666	28.56407071152216	29.63655285394395	23.145462182665103	22.807484862031973	26.536771396190968	30.066493112809187
1_cyc					-39.21201442650625						-37.640717611862854		-40.62786170794967				-38.48738431996823		-41.057673862055346								-42.301419599345344				-38.376216297002514				-42.79742893228427	-41.504575950578555
2_cyc		-99.24192654384835	-99.41828573561182		-103.89479562934181	-105.21034621435943	-101.47190576046282	-99.56685756855042	-100.38202291611064	-103.97047332216273	-103.80139336443318	-102.59822249299567	-99.17327584972922	-104.43620891335492	-104.97638577409762		-101.88026502707356	-100.7796280651412	-101.10924861583665	-103.14552865726725	-99.85970779098756	-102.28605274653808	-103.43815940406103	-103.11952221428615	-103.71864871400597	-105.5049028958092		-102.2915252694532	-102.5582597889558	-101.47174914199303	-106.73203022248858	-105.3988535944696	-102.05805301923485	-97.8075207691708	-101.21763830433908	-101.5589517465117
3_cyc	-48.94895636389701	-53.901928578786055	-54.065948952688075	-47.92624767081668	-41.9010009624504	-38.3549435690757	-41.28247237847711	-54.863197579187414	-46.86957667595985	-51.1348390328903	-49.30945353966138	-42.53388602436178	-55.62630538667052	-42.419454906555984	-40.13283232294752	-49.18720223445334	-50.9847660198712	-54.277346193988535	-52.211964015545576	-49.61934296273168	-50.03425118082802	-44.93602550138907	-42.67490101025808	-39.52944811949749	-46.3127213395952	-41.45134465825156	-48.92731531216393	-52.06215822872764	-44.718263828497385	-39.408668730392236	-43.767843454544646	-43.73657168542209	-50.02844514255696	-51.44171735043152	-41.72660565781396	-43.280277261528525
4_cyc	71.28850087120433	73.08393898757465	75.52580519088211	71.184525544128	70.19094024878467	77.92471469243831	71.56461577793065	77.12146929999625	68.84713700563974	74.01872089379407	71.63693500676479	71.44293155497158	70.13377128857915	72.35956743668068	69.55139157302412	74.87749855783053	72.77491748872337	68.78270756060313	72.12159057013677	75.3361084755841	73.85445124580836	73.10672353549445	76.46924100439327	70.18199817335699	72.95964431657626	74.87826693300916	74.05925935781327	70.25587167552806	70.20084505744062	72.5916188785937	75.95255498968604	74.66529548911534	70.0580077563037	71.02329518775886	72.0558836082044	70.2123656267451
5_cyc	84.7675756738869	85.47847746548918	85.86665055321713	86.47514677993091	89.52252173985538	92.49287668396346	87.37890194511766	85.08284976438894	86.3778734590081	87.94860489572882	92.47964727818574	87.4705319671489	88.43117670803052	90.97529688502715	89.35296852410029	86.82106165014937	89.81337942733101	87.65988055527515	85.82798590816789	90.32836382438049	87.75736958431207	87.82642771556966	90.16277971097237	89.28035252265954	93.84022488017254	92.15127655194016	84.20090543620354	91.28870273584562	86.97152898014146	89.13043901131562	91.4769706850139	92.31201130449547	88.8051124526547	85.24509945766123	88.77469215041764	88.06527445128229
6_cyc	-194.40987045489604	-194.8396312486377	-190.79949199526513	-195.21838645624757	-197.08030500936493	-193.30190102485219	-196.3997580004131	-194.0514125748824	-194.72119038927218	-191.00789693953993	-192.76242650835715	-197.55916680618452	-190.60045085229024	-195.62251119663966	-195.24083449107064	-194.57582565237007	-188.82165261128574	-191.07938449749076	-193.23599747047692	-191.37707738526032	-192.35654908214775	-197.72082877884247	-190.50300034415253	-195.94461571848223	-192.30365681666402	-192.359856249857	-194.7003296210814	-190.89645678202578	-196.51296009238277	-198.02908594185232	-194.43936212105663	-193.64595880865593	-191.42531953328455	-192.4681692252182	-195.4800084829202	-197.16200005066824
7_cyc	-13.251061625030538	-17.84856457824676	-16.75985346763388	-13.520339206523186	-12.369409999722746	-14.557907412982422	-10.865548740580833	-17.544721700740382	-12.930843351639204	-17.37736500020131	-16.924646634787212	-14.342905156517054	-16.09138569413995	-12.97669843539518	-13.407320403124075	-13.923297863879124	-17.555771368134078	-18.1422936298538	-16.899390191597426	-16.019294760478374	-17.947092574558468	-10.925726392024673	-17.493565657086577	-12.603385581379797	-14.91635690164124	-13.396224878777787	-13.100699342846472	-16.796982184165348	-10.502187747704303	-11.768606020005286	-12.838258757591223	-13.74838028862793	-18.040901696305855	-15.936173887350725	-11.827714647992112	-14.032716890255521
8_cyc	93.75535283361307	92.8907378711922	90.37398694652862	94.53746552022942	94.1040436109824	92.50146545307678	93.80655700627959	92.06920193627302	95.6573745098535	88.01534249003376	88.6730595908616	95.59721489392398	90.9776850561355	93.84161438639829	92.71546902927841	92.41917574733067	90.8938505403113	90.78401382382758	92.40625850660004	88.72819960988265	89.42087412691436	96.43324373467087	88.36258829331256	93.16623765575186	86.76959182855082	89.96829214275189	93.62276195849621	88.81433306194384	93.40742219632163	93.68925266236648	89.69947117970982	89.37897159946951	88.40507851666868	93.42815302488887	93.19331253977612	94.94611657554762
9_cyc	-21.833012884866424	-23.586794994094298	-24.96774302425472	-24.22419069784956	-26.306795211570808	-26.74412097929192	-22.236235953744927	-22.42803553233699	-24.085245479992842	-26.23832387497356	-28.05850321434721	-22.611455322079212	-25.262129052470286	-26.41788232754518	-26.651660777145892	-23.143269922507347	-26.54200070387593	-25.457740869955675	-24.67982494613056	-30.665708204607242	-24.43725948407501	-24.071366864961753	-28.340618608885364	-25.0834139510271	-28.34315450689372	-28.436931528097595	-23.32915194933439	-26.053000429660553	-24.383963244999638	-24.144502103775448	-27.935502991178726	-28.258202963148833	-27.54059379357784	-22.497235133986948	-23.58467689207844	-24.916719168839027
10_null	10.991869494749944	10.204058004129928	12.251952133382757	12.542933723626653	12.08271018738517	9.962547238909648	10.742288349010451	11.698728044829453	10.66169869960436	10.66237272926656	11.65009161689141	10.524122407435978	12.39213472991345	9.922587985169427	12.01001782485393	11.783789288497049	10.939116174055513	10.687941654385526	11.552027604269805	11.996024468382792	12.99934688956932	10.705086182529143	8.133555627684729	12.538770858747414	11.336405219634212	10.785344679356156	9.939296707564958	12.25815568012157	10.530835815089029	10.266316944361249	11.344510857416013	10.983541690683182	10.921629053707596	11.426213315481519	11.656555623360955	11.988483932144621
11_null					-148.67802301195562						-148.96073262549746		-147.1251582754468				-148.254565685753		-147.56536578745462								-149.70503891143977				-150.68952158582505				-149.42125557099757	-147.67975474622685
12_null		-48.121894669929766	-48.27743154008449		-48.70506980829354	-48.70866548155434	-46.663168244274374	-48.09443235063856	-48.25441456243834	-48.55721175659582	-48.367666001605016	-47.59826445141418	-47.24770226459147	-49.16370509409916	-47.38576327584462		-46.956962733422294	-48.2348785564673	-46.38865447687907	-47.185842734437195	-46.6988876432822	-50.174890214953116	-46.387920502226336	-46.50699618036778	-48.83322595333884	-47.758477288104494		-48.53005388780452	-47.42399729184897	-46.10688212612639	-47.11517644857655	-48.99126370895602	-47.61987793596584	-50.05712368321645	-48.62245692113646	-46.92569552701677
7_cyc	-13.251061625030538	-17.84856457824676	-16.75985346763388	-13.520339206523186	-12.369409999722746	-14.557907412982422	-10.865548740580833	-17.544721700740382	-12.930843351639204	-17.37736500020131	-16.924646634787212	-14.342905156517054	-16.09138569413995	-12.97669843539518	-13.407320403124075	-13.923297863879124	-17.555771368134078	-18.1422936298538	-16.899390191597426	-16.019294760478374	-17.947092574558468	-10.925726392024673	-17.493565657086577	-12.603385581379797	-14.91635690164124	-13.396224878777787	-13.100699342846472	-16.796982184165348	-10.502187747704303	-11.768606020005286	-12.838258757591223	-13.74838028862793	-18.040901696305855	-15.936173887350725	-11.827714647992112	-14.032716890255521
13_null	184.1313436168848	183.70103510725258	183.07497008252267		183.47947102759179	183.15163198038948	182.08805214684472	182.33432765766003	183.3477217367277	182.10044975204664	181.79723058689223		184.63509058953596	183.66022822079012	183.1331443058404	184.57793547489706	182.77889303073485	185.04568943645037	182.52314426109965	186.08912193658043	182.52845543844043	183.74597670403858	182.91968373172503	184.08285569635262	183.57469784782043	181.3399823381078	182.65257059148462	183.0476538757754	182.81785959783394	182.7094056151721	182.03417987818918	182.8412269141135	182.3785755145488	183.72441955595585	182.71561991677737	183.74128608913617
14_null	-80.5132064830133	-78.96657278846814	-75.97634875746387	-78.74356940467456	-79.82840432107555	-78.92950016158798	-78.1599116986391	-77.67013858795909	-78.7952488626428	-77.98321582638133	-78.26693556339096	-78.44615756082415	-81.0449046528129	-81.11962756497772	-78.91546995463985	-79.9619986831251	-80.75013905950159	-78.77752000002295	-77.83798083160512	-78.89322033231191	-79.33929652348654	-77.94347058066089	-77.61987175085686	-78.5287077421279	-78.05444888854021	-78.79566894969997	-77.02738913210521	-78.8909305464825	-79.39403242105818	-78.72489874677267	-79.30165752612892	-80.40925936731726	-77.80683752194662	-81.64981563713485	-77.87006622693562	-78.9588243863608
15_null	-144.4891143156159	-144.08260478647932	-145.0319072095593	-144.285023723934	-142.43864243765935	-143.6893194827693	-143.75502768051845	-143.13753603762717	-143.95634922638706	-144.56172452318094	-144.0213916576655	-143.97183755864256	-144.62548618740072	-144.303554706773	-144.457200161588	-142.75032388114153	-143.9588860300601	-143.60793137766845	-143.96541925540066	-145.60275215827292	-145.30369505752046	-145.54294170281284	-143.24221397795657	-142.58188499092537	-143.83920987927814	-143.9040433811007	-142.97167133710565	-143.86497782815283	-144.7791715621915	-143.65457572263935	-143.67040921281378	-144.81847880991089	-143.2212224685429	-143.16496095570983	-142.6987584338337	-143.0856676348602
18_null	121.01285226135494	121.0492691953639	119.94222429360197	119.93161693490953	119.13224564096332	119.89849375109604	120.32632765339717	119.18643981758912	119.49499568731116	120.04340537434723	118.86060965390077	118.4425705312572	119.69793611197167	119.45703599474918	120.63245058137505	120.70580028937368	119.69582513718642	118.2413379397457	120.50085925603909	121.41371220848522	118.77675825416551	119.93443082848131	119.48042245704679	119.92436346240498	119.24914981027973	119.6883593290977	118.78611058030725	119.14984545705057	119.68575006717111	120.23153262587947	118.94991139312131	119.14877948968932	118.0770282450127	119.59911918852423	119.28769336780877	118.92163545107495
16_null	17.40220683019087	15.12102402792334	15.466362955796416	14.788080523883265	13.412098185923815	14.46000287607303	15.685075306039316	17.168713737308842	15.087509554116401	14.636146633988012	14.463640865638807	16.362978525579106	14.915324162012201	17.845263395194817	15.279160711866703	16.10661135797048	15.301277233618084	16.681140452648318	16.601072409164335	13.955075679385903	15.236847701962233	15.452694616379736	14.580003673868925	13.41965860764166	14.159309917124592	16.044740298695363	15.221300436102306	14.980053998099764	16.191683587944404	14.183077388881639	15.087958606067735	16.257878721763483	15.794936559213765	15.179069333369577	16.431940681259842	14.937881682471762
17_null	78.43746325635523	77.86872892854892	77.64834489975976	78.49040781126462	77.98371425759402	79.39774565382962	80.86844232526059	80.02994496877774	79.16463654714427	79.28585307378057	77.50522825924493	77.85627727700832	77.98947447938723	78.5804426869695	77.68076847074718	79.43104274248454	76.88699982548832	79.6678695143042	78.85081245977847	78.05021806341595	81.6037181470155	80.2375920072941	77.88815947279353	77.23412817923032	78.12490502356053	80.29962652700054	78.8387799004812	79.20147512554337	79.04361283968156	78.53909929548708	77.93850898253037	80.31551474457403	78.6608431618127	78.68171514861983	78.80411042088949	78.76371577859649
18_null	121.01285226135494	121.0492691953639	119.94222429360197	119.93161693490953	119.13224564096332	119.89849375109604	120.32632765339717	119.18643981758912	119.49499568731116	120.04340537434723	118.86060965390077	118.4425705312572	119.69793611197167	119.45703599474918	120.63245058137505	120.70580028937368	119.69582513718642	118.2413379397457	120.50085925603909	121.41371220848522	118.77675825416551	119.93443082848131	119.48042245704679	119.92436346240498	119.24914981027973	119.6883593290977	118.78611058030725	119.14984545705057	119.68575006717111	120.23153262587947	118.94991139312131	119.14877948968932	118.0770282450127	119.59911918852423	119.28769336780877	118.92163545107495
19_null	-51.81505040430215	-53.2328231292694	-50.583550147986735	-50.957733492959925	-50.40030533849284	-52.47400669447377	-52.301635256076715	-50.502756898392676	-51.52110875571407	-50.59758283622318	-51.461642485679995	-51.79433698240122	-50.761543079125374	-52.2475882199469	-53.060654274736535	-53.36564638495626	-53.16026237479586	-49.6538419496897	-51.831033978036515	-50.76357509461268	-52.276836774113335	-51.644234232683885	-52.88204655225626	-52.06102854823436	-52.43176680932257	-50.37596130374657	-51.91437004975901	-51.77394147911349	-52.746785652152745	-51.072117219469675	-52.19579742615957	-53.07163473818731	-51.479296957468236	-52.52258549339232	-50.47505112598223	-51.22710927966782
missing																																				
zero	0.2796754351529139	0.2595828459767467	0.08412536484319218	0.13063175768716942	0.2771214200813461	0.03698603368370002	0.018568000947065833	0.05661588046569764	0.0676863820060479	0.05381670391139185	0.009513620099758147	0.2152976779752249	0.04858558388148837	0.13661668782358136	0.036116507510812	0.10965543326315437	0.11924028756463911	0.2738957927345229	0.21159502666409383	0.2718426520739137	0.14672889946109993	0.05080249481831983	0.12288997311991003	0.17810354640093665	0.16237354942356272	0.26889164760174694	0.17771333886887736	0.07698924638776186	0.2857758988506987	0.052177850473829786	0.14293147937037373	0.26629515370496004	0.21297655222404863	0.16061472817970526	0.20634841592273095	0.1313380499072557
one	1.1190417647134168	1.1883514121132148	1.221102469626391	1.281238067627177	1.250963664197043	1.2882077519068986	1.0347658370094552	1.2968420397541114	1.0600905360010529	1.0242711769486137	1.1970431508547041	1.2020461863462704	1.292146677508691	1.2313071057317184	1.1177974993977795	1.1800316240067326	1.1828363041752827	1.229625620630239	1.1743294113128098	1.1159322039474966	1.2044374304214172	1.0720304516990293	1.1048653727104396	1.0214893368459408	1.2448690504172442	1.0212997276788982	1.089639044273635	1.277689873731806	1.1678229053807516	1.065363975887868	1.297866149638968	1.264218844648748	1.0204540818016905	1.069085518700267	1.1926781779933957	1.0596409471008885
